1  白色粉  220  220  220
2  品红粉  186  65  153
3  粉红粉  142  109  208
4  红色粉  44  44  132
5  橙色粉  44  109  186
6  黄色粉  44  197  197
7  黄绿粉  21  176  109
8  绿色粉  44  109  88
9  青色粉  132  109  65
10  淡蓝粉  186  132  88
11  蓝色粉  153  65  44
12  紫色粉  153  54  109
13  棕色粉  44  65  88
14  淡灰粉  132  132  132
15  灰色粉  65  65  65
16  黑色粉  21  21  21
17  白色瓦  138  152  180
18  品红瓦  93  75  128
19  粉红瓦  67  66  138
20  红色瓦  39  51  122
21  橙色瓦  31  70  137
22  黄色瓦  31  114  160
23  黄绿瓦  45  100  88
24  绿色瓦  36  70  65
25  青色瓦  79  79  75
26  淡蓝瓦  119  93  96
27  蓝色瓦  79  53  65
28  紫色瓦  75  62  105
29  棕色瓦  30  43  65
30  淡灰瓦  84  92  116
31  灰色瓦  30  35  49
32  黑色瓦  13  18  31
33  铁石块  144  144  144
34  金石块  66  205  215
35  红石块  0  0  220
36  青金块  220  110  63
37  钻石块  183  188  79
38  绿宝块  50  187  0
39  石英块  211  217  220
40  草方块  48  153  109
41  石头块  96  96  96
42  砂岩块  140  201  213
43  地狱岩  0  1  96
44  黏土块  158  144  141
45  浮冰块  220  138  138
46  丛林板  66  94  130
47  云杉板  42  74  111
48  橡木板  62  102  123
49  树叶块  0  106  0
50  蜘蛛网  171  171  171